UPDATE MONITOR v0.3.346 UI TOKEN LOCATIONS
pendingPostScans: [18789, 23507, 23523, 23830, 24320]
verifyingApps: [18786, 20955, 20992, 23501, 23522, 23536, 23562, 23568, 23744, 23836, 24146, 24148, 24319, 24439]
verificationBaselines: [18787, 23495, 23496, 23526, 23537, 23569, 23837, 24219, 24220, 24237]
checkingApps: [18784, 20955, 20991, 23455, 23459, 23482, 23744, 24146, 24148, 24317, 24439, 25555]
checkBaselines: [18785, 23460, 23483, 24318]
restoreVerificationApps: [18788, 20993, 21823, 21826, 23541, 23542]
installUpdate: [18836, 18880, 18893, 18894, 18895, 21001]
uninstallButton: [18840, 18884, 18893, 18894, 18895]
data-update-index: [21005, 22377, 25513]
data-uninstall-index: [20028, 22409, 25516]
policyVersionSelect: [18817, 18861, 18893, 18894, 18895, 19838, 20061, 20116, 23196]
fixedNotice: [18812, 18856, 18893, 18894, 18895]
effective_status: [19382]
can_version_update: [19336, 19339, 19344, 19407, 20856, 20995, 23744]
can_image_update: [19406, 20995, 23744]
headerWarningList: [18326, 24692]
headerWarningButton: [18322, 24666, 24753, 24775, 25025, 25041]
errorStatus: [18808, 18852, 18893, 18894, 18895, 19307]
error_count: [19321, 19377, 19440, 19578, 22564]
item.detail: []
actionProgress: [18793, 19963, 19964, 19974, 20014, 20017, 20996, 21000, 21833, 23302, 23306, 23309, 23315, 23338, 23348, 23362, 23371, 23382, 23421, 23797, 24213, 24232, 24262]
